00000000000000000000000000000000000000000000000000000000000000000000000000000000
00000000000000000000000000000000000000000000000000000000000000000000000000000000
00000000000000000000000000000000000000000000000000000000000000000000000000000000
00000000000000000000000000000000000000000000000000000000000000000000000000000000
00000000000000000000000000000000000000000000000000000000000000000000000000000000
00000000000000000000000000000000000000000000000000000000000000000000000000000000
00000000000000000000000000000000000000000000000000000000000000000000000000000000
00000000000000000000000000000000000000000000000000000000000000000000000000000000
00000000000000000000000000000000100110000001001110000000000000000000000000000000
00000000000000000000000010001111011111100001001110000000000000000000000000000000
00000000000000000000111110000100001000011100000000000000000000000000000000000000
00000000000000000001000000110100000011011100101110000000000000000000000000000000
00000000000000000000111110111000000001111000101110000000000000000000000000000000
00000000000000000000000010010000000000000010000000000000000000000000000000000000
00000000000000000000000000011000000000011011000000000000000000000000000000000000
00000000000000000000000000011000000000011011000000000000000000000000000000000000
00000000000000000000000010010000000000000010001110000000000000000000000000000000
00000000000000000000111110111000000001111000101110000000000000000000000000000000
00000000000000000001000000110100000011011100100000000000000000000000000000000000
00000000000000000000111110000100001000011100001110000000000000000000000000000000
00000000000000000000000010001111011111100001001110000000000000000000000000000000
00000000000000000000000000000000100110000001000000000000000000000000000000000000
00000000000000000000000000000000000000000000000000000000000000000000000000000000
00000000000000000000000000000000000000000000000000000000000000000000000000000000
00000000000000000000000000000000000000000000000000000000000000000000000000000000